"species","x","y","bio02","bio03","bio08","bio09","bio13","bio14","bio15","bio18","bio19"
"species",1,1,130,77,275,267,365,3,90,250,59
"species",2,2,118,79,261,256,755,30,73,861,303
"species",3,3,119,65,281,238,340,2,121,901,41
"species",4,4,128,78,265,259,467,7,83,422,102
"species",5,5,124,72,277,241,228,1,111,424,31
"species",6,6,133,81,279,259,146,1,109,328,8
"species",7,7,120,65,280,237,344,2,121,909,41
"species",8,8,135,84,278,265,182,2,105,446,9
"species",9,9,135,85,280,267,171,2,107,418,7
"species",10,10,122,70,237,209,241,4,101,364,26
"species",11,11,127,70,222,194,265,6,100,379,22
"species",12,12,131,68,243,214,210,2,106,288,16
"species",13,13,133,81,279,259,146,1,109,328,8
"species",14,14,134,83,280,265,173,2,106,418,8
"species",15,15,143,66,237,211,284,4,115,717,55
"species",16,16,124,70,256,232,372,6,98,560,50
"species",17,17,131,70,250,227,311,4,101,465,30
"species",18,18,139,70,233,208,286,4,100,440,27
"species",19,19,127,69,241,215,194,8,97,280,28
"species",20,20,130,69,214,186,186,6,95,279,30
"species",21,21,145,72,255,250,236,2,112,191,31
"species",22,22,113,59,277,238,283,6,106,635,87
"species",23,23,142,57,272,247,275,7,108,384,98
"species",24,24,115,59,268,242,285,9,106,623,96
"species",25,25,142,73,267,258,268,1,113,365,34
"species",26,26,143,73,268,260,269,1,114,377,33
"species",27,27,144,72,264,257,251,1,113,185,32
"species",28,28,130,72,282,244,173,1,106,310,26
"species",29,29,126,72,276,242,235,1,110,450,31
"species",30,30,128,72,281,244,201,1,109,373,28
"species",31,31,124,72,281,244,209,0,111,381,29
"species",32,32,117,61,254,227,331,3,107,768,108
"species",33,33,124,72,281,244,209,0,111,381,29
"species",34,34,132,69,274,227,310,6,114,778,40
"species",35,35,143,67,236,215,314,3,109,513,59
"species",36,36,134,72,281,249,292,4,113,617,37
"species",37,37,141,71,271,247,368,3,114,832,40
"species",38,38,141,79,292,288,283,2,109,272,20
"species",39,39,143,67,236,215,314,3,109,513,59
"species",40,40,124,80,274,262,302,1,110,405,29
"species",41,41,135,68,273,227,295,7,114,749,39
"species",42,42,148,65,208,177,318,8,110,551,58
"species",43,43,142,67,233,213,299,3,109,494,58
"species",44,44,128,70,283,249,183,2,107,311,34
"species",45,45,140,67,228,209,307,3,109,507,60
"species",46,46,138,67,210,192,240,4,104,416,51
"species",47,47,141,69,241,214,277,3,100,421,25
"species",48,48,143,68,245,224,337,2,112,548,60
"species",49,49,142,75,238,217,333,5,94,514,55
"species",50,50,120,75,283,258,257,2,104,557,33
"species",51,51,140,68,242,214,254,2,102,378,20
"species",52,52,104,69,286,273,240,2,115,291,14
"species",53,53,124,67,281,242,393,4,121,1101,43
"species",54,54,145,68,250,228,324,2,111,522,55
"species",55,55,124,77,262,258,614,13,80,592,166
"species",56,56,132,76,277,268,457,5,87,344,111
"species",57,57,133,75,235,219,532,23,82,878,157
"species",58,58,114,60,271,241,255,8,106,572,87
"species",59,59,124,77,262,257,648,16,79,638,187
"species",60,60,132,76,274,265,540,9,85,430,146
"species",61,61,132,76,274,265,540,9,85,430,146
"species",62,62,128,72,281,244,201,1,109,373,28
"species",63,63,132,72,277,252,230,1,110,446,31
"species",64,64,123,77,215,201,694,40,72,1287,138
"species",65,65,133,71,258,232,260,2,112,347,32
"species",66,66,121,70,236,224,382,60,57,518,270
"species",67,67,132,71,267,238,261,1,112,550,35
"species",68,68,147,78,276,275,356,3,110,346,26
"species",69,69,119,70,234,221,420,67,55,549,319
"species",70,70,147,69,248,216,134,1,99,218,7
"species",71,71,169,71,218,192,354,9,103,476,47
"species",72,72,123,72,217,207,450,62,61,582,289
"species",73,73,122,72,223,211,432,64,58,566,297
"species",74,74,165,74,159,137,251,8,90,411,60
"species",75,75,141,73,222,208,480,10,93,656,46
"species",76,76,114,66,254,240,247,29,67,344,205
"species",77,77,120,74,284,258,255,2,105,576,29
"species",78,78,123,73,278,243,226,1,109,415,31
"species",79,79,146,81,277,262,239,2,108,365,15
"species",80,80,127,72,281,243,210,2,104,402,27
"species",81,81,120,69,250,220,264,3,100,383,29
"species",82,82,139,77,271,261,518,4,96,305,60
"species",83,83,145,69,242,217,343,5,97,479,42
"species",84,84,135,70,163,151,184,11,85,278,72
"species",85,85,132,75,256,246,713,22,82,604,190
"species",86,86,154,64,237,200,288,3,117,711,60
"species",87,87,109,58,281,240,198,1,96,431,70
"species",88,88,147,80,264,245,237,2,102,299,22
"species",89,89,118,64,276,236,431,1,129,882,36
"species",90,90,151,79,274,269,387,1,110,360,16
"species",91,91,169,72,216,191,356,10,103,469,50
"species",92,92,121,66,282,239,371,3,121,983,42
"species",93,93,154,72,266,263,397,2,109,413,19
"species",94,94,118,72,279,244,244,2,109,441,33
"species",95,95,105,68,287,273,231,2,113,284,14
"species",96,96,123,73,272,239,255,1,112,477,34
"species",97,97,131,73,266,253,465,5,100,271,35
"species",98,98,131,69,235,206,229,3,104,321,20
"species",99,99,139,67,249,215,211,1,108,291,12
"species",100,100,122,70,268,251,488,8,96,266,76
"species",101,101,135,71,264,223,395,3,116,864,42
"species",102,102,135,73,188,165,316,6,92,507,25
"species",103,103,145,70,239,215,340,4,97,501,39
"species",104,104,113,60,288,238,447,1,127,1226,38
"species",105,105,113,67,227,215,423,100,44,588,533
"species",106,106,113,67,231,221,440,100,46,597,511
"species",107,107,131,78,277,274,297,2,112,267,19
"species",108,108,135,70,237,216,189,2,102,278,14
"species",109,109,138,74,252,254,349,2,111,350,43
"species",110,110,151,67,160,142,214,8,97,412,44
"species",111,111,138,70,247,231,354,9,96,453,71
"species",112,112,105,58,280,238,216,4,114,469,72
"species",113,113,127,80,288,282,320,2,117,480,13
"species",114,114,103,70,285,272,230,2,115,282,12
"species",115,115,124,65,266,235,417,2,127,895,40
"species",116,116,133,75,235,219,532,23,82,878,157
"species",117,117,141,61,278,241,215,2,112,443,75
"species",118,118,119,79,278,273,331,2,112,468,21
"species",119,119,120,77,280,276,330,2,112,264,21
"species",120,120,145,79,265,259,633,11,89,460,126
"species",121,121,108,67,220,210,276,23,78,341,120
"species",122,122,142,66,236,192,355,2,118,843,63
"species",123,123,147,71,193,173,218,2,101,325,20
"species",124,124,129,75,205,187,302,8,94,473,49
"species",125,125,111,70,283,246,285,2,113,489,31
"species",126,126,125,65,278,242,459,2,128,989,36
"species",127,127,107,81,287,274,293,1,111,470,19
"species",128,128,105,71,199,182,338,11,83,283,74
"species",129,129,123,76,219,212,386,2,93,244,58
"species",130,130,133,75,235,229,327,4,90,269,52
"species",131,131,133,75,235,228,323,4,90,256,53
"species",132,132,117,77,232,231,450,1,99,272,374
"species",133,133,97,77,261,257,341,1,92,215,46
"species",134,134,130,76,241,235,367,3,88,305,296
"species",135,135,96,78,262,260,336,0,93,225,277
"species",136,136,108,77,216,216,441,3,92,263,78
"species",137,137,100,78,255,257,373,1,93,244,318
"species",138,138,127,76,243,236,325,2,90,286,40
"species",139,139,110,75,201,200,446,2,93,262,76
"species",140,140,129,75,240,233,346,5,91,243,56
"species",141,141,106,77,244,245,396,2,92,248,327
"species",142,142,121,77,255,249,345,1,95,182,293
"species",143,143,126,75,219,211,412,2,95,223,53
"species",144,144,98,78,259,259,346,1,92,216,53
"species",145,145,132,72,247,230,216,17,74,352,68
"species",146,146,132,72,237,220,241,11,84,381,38
"species",147,147,116,72,274,264,208,29,53,339,205
"species",148,148,107,70,275,260,227,17,76,369,127
"species",149,149,97,80,244,249,680,9,88,514,1265
"species",150,150,109,74,259,250,606,18,78,619,199
"species",151,151,95,81,238,244,627,7,89,461,1155
"species",152,152,116,76,264,254,587,10,82,535,54
"species",153,153,96,69,274,264,295,42,59,491,224
"species",154,154,106,76,215,200,259,1,96,412,23
"species",155,155,106,66,253,245,174,5,89,116,34
"species",156,156,79,79,266,276,303,5,72,231,717
